## 下采样+聚类+边界框对齐+上采样+ICP

### 下采样

~~~C++
均匀采样src点云成功，采样后点数量: 82675
均匀下采样运行时间: 0.0191065 秒
~~~

减少点的数量

### 聚类

![image-20241126025350483](F:\聚类.png)

### 保留数量最多的一类

![image-20241126025400938](F:\Documents\GitHub\hwj-s-study-notes\工业视觉-3D建模与测量\assets\image-20241126025400938.png)

### 寻找邻近点补全(上采样？)

![image-20241126022729668](F:\Documents\GitHub\hwj-s-study-notes\工业视觉-3D建模与测量\assets\image-20241126022729668.png)



### 画边界框

![image-20241126025443011](F:\边界框.png)

### 移动到原点

~~~C++
变换矩阵: 
       1        0        0  -840.68
       0        1        0 -31.0836
       0        0        1  3527.89
       0        0        0        1
~~~

![image-20241126025533444](F:\Documents\GitHub\hwj-s-study-notes\工业视觉-3D建模与测量\assets\image-20241126025533444.png)

### 边界框旋转对齐

~~~C++
变换矩阵: 
 -0.131427   -0.99108  -0.022091    -840.68
  0.722204  -0.110989   0.682717   -31.0836
  0.679079 -0.0737735  -0.730349    3527.89
         0          0          0          1
~~~



![image-20241126025557982](F:\Documents\GitHub\hwj-s-study-notes\工业视觉-3D建模与测量\assets\image-20241126025557982.png)

### 边界框沿长轴旋转180°

~~~C++
src点云已旋转180度
最终变换矩阵: 
 -0.131427   -0.99108  -0.022091     -845.3
  0.722204  -0.110989   0.682717   -1732.57
  0.679079 -0.0737735  -0.730349    5636.22
         0          0          0          1
~~~

![image-20241126025644827](F:\Documents\GitHub\hwj-s-study-notes\工业视觉-3D建模与测量\assets\image-20241126025644827.png)

### 边界框沿短轴翻转180°

![image-20241126025705843](F:\Documents\GitHub\hwj-s-study-notes\工业视觉-3D建模与测量\assets\image-20241126025705843.png)

### ICP精配准

~~~C++
最终的变换矩阵: 
-0.00204305   -0.999994 -0.00273287    -533.566
   0.724398 -0.00336397    0.689374    -1707.51
   0.689379 0.000571258   -0.724401     5673.37
          0           0           0           1
~~~

绕短轴旋转前

![image-20241126021642854](F:\Documents\GitHub\hwj-s-study-notes\工业视觉-3D建模与测量\assets\image-20241126021642854.png)

绕短轴旋转后

![image-20241126030029969](F:\Documents\GitHub\hwj-s-study-notes\工业视觉-3D建模与测量\assets\image-20241126030029969.png)![](F:\Documents\GitHub\hwj-s-study-notes\工业视觉-3D建模与测量\assets\image-20241126041520830.png)
